
/*  Japan earthquake Twitter corpus, collected between 15-17 january, 2013
 *  ------------------------------------------------------------------------------------------------
 *
 *  The keywords used to crawl the Twittverse using the Twitter streaming API were:
 *      - Earthquake Japan
 *      - Earthquake Chiba
 *      - Earthquake Katsuura
 *  And their variants, forming a total amount of 1013 tweets.
 *
 *  Only tweet IDs are provided, as specified by the API Terms of Service that can be found on:
 *      https://dev.twitter.com/terms/api-terms
 */


291138408699539456
291139778240466944
291139995807399936
291140215073038339
291140223230951424
291140239639080960
291140258911895552
291140561841319936
291140604207968257
291140672541585408
291140693622136832
291140759963451394
291140776790994944
291140819333816320
291140826942287872
291141081796599809
291141173601513472
291141182539567104
291141244883697664
291141321161318400
291141493794697216
291141512752947200
291141516225814528
291141526212460544
291141530121535488
291141666625171456
291141687139500032
291141690847289344
291141693640691712
291141842404257792
291141906048634880
291141949216399360
291142297217794051
291142595126624256
291142885049511936
291142949037821952
291142968277073920
291143105485352961
291143515642163200
291143527654637568
291143548647141379
291143594276974592
291143626761842689
291143671712202752
291143746895101953
291143755984166912
291143827996172288
291143829170577409
291143894081617920
291143924830048257
291144024289591296
291144049300238336
291144053104467969
291144160583503872
291144169731260416
291144210252435456
291144250270306305
291144307329609728
291144375038246913
291144411763576833
291144470311870464
291144472476139520
291144473122050048
291144690353455104
291145122010243072
291145283386085376
291145439347109888
291145486553972738
291145687540838400
291145688740421632
291145719245574144
291145731778174976
291145732658962433
291145745871020032
291145838296719361
291145901244825600
291145950754390016
291145958283157504
291146036733440001
291146432839303168
291146876475035648
291146889250889728
291147110982770688
291147294118653953
291147295058178049
291147305934012416
291147310321242112
291147478357647360
291147486205202432
291147495822721024
291147497680809984
291147500058988546
291147517901557760
291147519277289472
291147519558311936
291147523677118464
291147537904189440
291147547911786496
291147555633524736
291147641079885824
291147921133535232
291147934412701696
291148150440337408
291148151480537088
291148227380654080
291148549947801600
291148811290701826
291148954245152768
291149139398516737
291149660993748993
291149746133929986
291150980383387648
291151086314717184
291151426401476609
291151470047424512
291152132407709696
291152136643936256
291152622252093441
291152740300754945
291152855006593024
291152926569803776
291153012955701249
291154055751942145
291154174463311873
291154200686125056
291154275759976449
291154761451970560
291155054809976832
291155116608851968
291156267618152449
291157079404720130
291157610021920768
291159312854810625
291159620867719168
291159669240643585
291160107545419776
291160976533901312
291161072788967424
291161384878747648
291161562914377728
291162139450830849
291162251807846400
291162640410103810
291162669774413824
291162728834400256
291163951608262656
291170157097807872
291170158607728642
291170177968640000
291170193382719488
291173227122802688
291174065471893504
291174065400602625
291174683880079360
291175223565377536
291176977942073344
291177708124258304
291177800654807040
291177832422457345
291177841834459137
291178133426696192
291178909217726464
291180330944188417
291183012845084672
291183063436783616
291183432648753152
291183440848629762
291183475384537089
291183610260779008
291184150365483009
291184663291113472
291185312883957762
291185395994083329
291188346108125184
291188419516841984
291188566602698752
291189387125989376
291189471502823424
291189500967800832
291189511520665601
291190411882532864
291190751914766338
291192855869919232
291192928091664384
291192995598966784
291195632109096960
291196729615843328
291197958890852352
291198825006243840
291200423782658048
291200506435608578
291204494358892544
291207390076993537
291208084997672961
291210666222706689
291211561849212929
291212369076580353
291212477767774208
291213368470163456
291214861273268224
291215201813012481
291215531514667009
291215610174652417
291215635172700160
291215930749513728
291217756450353152
291223094935298048
291226812653117440
291228737620549633
291230663141634049
291230701112664064
291230754908815360
291237423680196608
291237985142325248
291238179858698240
291239379102466048
291241079448141825
291241748540293120
291242088358608896
291245742188802048
291245774677868544
291245800686768128
291245867413934080
291246640130564097
291253295874445312
291256341979336704
291268419989422080
291268444916154369
291268474280497152
291268526533124096
291268921405865984
291269193347788802
291271150955270144
291271952797159425
291272646216261632
291274500077654016
291275086206488577
291275973171761152
291279171286618112
291279200046952448
291283494871638016
291283552325218304
291283573040877568
291283628028211201
291286490296758272
291287791273381888
291287835091300352
291288209512620032
291288539658866688
291291043742248961
291299134193950722
291299197548892160
291300584429064192
291306127721902081
291306168310177793
291309969767280640
291310929231110144
291312195818647552
291313693021581312
291313713275863040
291318348166352896
291320304863682562
291325938497630208
291326760006602752
291328615302459392
291328775730376705
291328817178488832
291328821397975040
291328884123791360
291328904977846272
291336320679292928
291336420541472768
291338455114477568
291338988512505857
291341556173127680
291342469214400512
291343878861230080
291343916115038208
291343950046957568
291343979272871936
291345561108492288
291351426288996352
291351474393464833
291351495264309248
291356905950031874
291358978523422720
291359831422554112
291360403680804865
291366531995140096
291366598416166912
291366623330320384
291366626920656896
291367968108077056
291370854816825344
291377341240840192
291378655807016960
291379549223129088
291381640045932545
291381673487130625
291381970481606656
291382238812196864
291382775100104704
291382787691384832
291383387980173313
291383390186373120
291385855019470849
291385858022588416
291389223192363008
291389256411279361
291389310022860800
291389339554967552
291391514322546688
291392554350571520
291394292654669826
291394741076119552
291395174163177472
291396772985720832
291396809794912257
291396838915985409
291398004357885954
291401284844650496
291401320391389184
291403145865740288
291404496687489024
291406859729006592
291414416870764545
291415783190433792
291416880051281920
291418939400019968
291419421468143616
291419467274129408
291425990612250626
291426971450216448
291427012768317441
291427070821670913
291431542629220352
291434516667588609
291434562662305792
291434596233510912
291434650503630848
291442099537207296
291442128452722688
291445882103152640
291449636655341569
291452687399124992
291453687866458112
291457177808404480
291457207558631424
291459262318784512
291461354219507712
291462074071142400
291462228350214145
291462713782181888
291463818368921600
291464757226127360
291469574933737472
291470379510272000
291470540047253505
291472269446897665
291472335691714560
291472398212022273
291474994809171969
291476826621083649
291478384586924032
291483987233357825
291483996238528513
291483999879180290
291484014307573761
291484020779413504
291487073620340737
291487401312919552
291487469164187648
291487501716172801
291488315146915840
291488706211221505
291488953587081217
291489910316216321
291494930768080896
291494959280963587
291502477608632321
291506390957182976
291510031105548288
291510461160112128
291515072956739585
291515312032067585
291515479779061760
291516094500442113
291516695812657154
291517283392700416
291517283887628289
291517283996688385
291517567409987584
291517637740072961
291517671403560961
291518614622855170
291518664606380032
291518664602181632
291518665617182720
291518664648318976
291519155272810496
291521235467255808
291521618361061378
291521663072350208
291522278414483456
291523086283587584
291525166222163968
291527671911964673
291532666497548288
291532737876209664
291533504980848641
291535211827699713
291536295765897218
291537112199745536
291538794635747329
291540221647003648
291540253456621569
291540307726721024
291540340832358400
291540817640841217
291542473111650304
291544889081069568
291546289483702272
291547789815599104
291547815899983873
291547916294815744
291548852341833729
291549826930319360
291552546114396160
291553564571095041
291554615227465728
291555371158499330
291555440645517312
291557408675860480
291558065248026626
291558130846953472
291558177894432769
291558259473653760
291558349231775745
291558494258204672
291558543449006080
291558559911641090
291558587975729152
291559116126691328
291560004392189952
291560595298349056
291561368480518145
291561450206556160
291561639814258690
291561767283343361
291561914222391296
291562919827759104
291563036769148929
291564048334598145
291566925446778880
291567662285332480
291567997879988226
291568522839080961
291569105440477184
291570494736568320
291570607689191424
291570738874441728
291571393995354115
291572526012837889
291572638130778115
291574491694383104
291574671562899459
291574969861799936
291576075681665024
291576394742386688
291576575869218817
291576976500727808
291578022799220736
291578064608038913
291578113983410176
291578141665787904
291578902940356608
291579040924590080
291579501836652546
291579972190085122
291580520486289409
291582849881108480
291583583758467072
291585476584947713
291585655933378560
291587645988028417
291590763773587457
291593264497303553
291593289050763264
291601290121854978
291603052975226880
291603294026080256
291603326162829313
291603329975480322
291603469339590656
291604286599725057
291605368298160129
291605385343807488
291605396391591936
291605552973357056
291605881680965632
291606126997405697
291606252289662976
291607278535184385
291607303541620737
291607670044114945
291608230029840385
291608384812228609
291608698911064065
291612776638599169
291615418223845377
291615748755951616
291615833103417344
291615893031641088
291616035818319872
291616294514597890
291619100050997249
291622960924606465
291623354107035649
291623504967774209
291629710226624512
291630870840868865
291630907830464512
291630932618780672
291631721936482304
291631806049042432
291638478263943170
291638503530438656
291639373865291776
291642805267353600
291643488045514754
291645990828650496
291646562495524865
291647582806106114
291647644932112384
291649481777229824
291651742771335169
291652020471992320
291657079490494465
291657615296061441
291658633912147968
291659285824430080
291660467909300225
291661470377340929
291661616896958464
291662123451416576
291663603269001216
291666885639032833
291667754589765632
291667947003469826
291668565382283264
291668834203602944
291669352044961792
291670002921246720
291670152498540544
291670178331234304
291670904361058305
291671158024187905
291671428883955714
291672358505295874
291673168597381120
291673383245074432
291674732858863616
291677673988698114
291679764601765889
291681003435597824
291681182129733632
291684893648363522
291684930163970048
291685355760021504
291687024535142402
291687736547635202
291688750398992384
291689375673245696
291690283144458241
291691667726159873
291692809650589698
291693191873298432
291693593347891200
291693834876899328
291693959703580673
291693962719281153
291694022349701120
291694040385200128
291694097985572864
291694148157845504
291694151026741248
291694171117465601
291694192122527744
291694208169934849
291694248632410112
291694274901336064
291694276126068737
291694298955665408
291694325505609728
291694340315688960
291694343419469824
291694394195734528
291694525615837185
291694585019785216
291694606331023360
291694631467495424
291694668935229442
291694733724622849
291694835927240705
291694877626998785
291694896207785984
291694912095797248
291694957423648768
291695087442874368
291695171681263616
291695179516231681
291695183463079936
291695222247804929
291695237003370496
291695238752382976
291695282733862912
291695355073032193
291695470877753345
291695693259747328
291695698863345664
291695706668953602
291695810863837185
291695842866372608
291695847840821251
291696008583344128
291696034780938244
291696216360759296
291696361315917825
291696394572558337
291696408145297408
291696659333787648
291697075144519680
291697183550500865
291697677593354240
291697920271601664
291698048092999680
291698061556740096
291698136563458049
291698274501545985
291698305338077185
291698318034219009
291698510691196928
291698716337917952
291698988388851712
291699867452059650
291700028349763584
291700254158508032
291700509348360192
291700551584980992
291700553128476672
291700557150818304
291700564063039489
291700569368838145
291700585730813952
291700619385917442
291700857819512832
291701144378564608
291701348976713728
291701355750510592
291701370069848064
291701581315977218
291702730093903873
291703266981588993
291703654979866624
291704291373223936
291704334071234560
291704639013920768
291705601677987841
291705667809603584
291705904921997313
291705981371559937
291705997934866432
291706114737836032
291706142017593344
291706544263925762
291707881433206785
291707963574472704
291708361756524544
291708540786208769
291708748601380864
291711830827622400
291711873085239298
291712045496274944
291712487810805761
291712850089635842
291713046638891008
291713618205097985
291714050742685696
291715445336182784
291716938323873792
291717089167831040
291717432643551232
291718520390184960
291718925727723520
291721457753522176
291721478137851904
291721825069703169
291723335832829953
291724031453974529
291724563186851841
291724751402065920
291725024136663040
291726007784841216
291726235850141697
291726338585395201
291726348173594626
291728260914610177
291728644269805569
291729003855884288
291729595097575425
291729610264170499
291729658553180160
291730416300326912
291732021292695553
291732025302454272
291732027189899264
291732128134201344
291732130994720768
291732138297012226
291732877840904193
291733372991066112
291733948244041728
291735128554749952
291735499805188096
291735528896868352
291735607657512961
291735877368025088
291736589783166978
291736623664734208
291736855911739393
291738467384307712
291738961729159168
291741484640788480
291741626173370368
291742653626847235
291744081284055040
291744306165862400
291744456099643393
291744869909676033
291745005356331010
291753599388766208
291753876166680578
291754228567900160
291754320486096899
291755977013874688
291756866697056257
291758756075827201
291759235371503618
291759245995679744
291762530932633601
291764755142684672
291764848184946688
291764853025157120
291765168008998912
291766294129295360
291766323455877121
291766703728242689
291766731309998080
291766805549154304
291767246244683776
291767884445802496
291768319164436480
291769727557189632
291769782565490688
291771264085925888
291771372810674176
291772803366146048
291773120837210112
291774293145169920
291774384497106945
291774404969521152
291774435206262785
291774473739309056
291775175991652352
291776393010896897
291776465161297920
291777522725699585
291777528090214401
291777535249887232
291777539528085505
291777622344622080
291777627264544768
291777644750598144
291777725323153409
291777852922286082
291778843100979202
291778943466483712
291779010017497089
291779751163617280
291779791558963201
291779947247316994
291780040801267713
291780072363405312
291780150373257217
291780152042602496
291780165514715136
291780356623958016
291780376001654785
291780431370670081
291780562769805312
291780648887255040
291780663349239808
291780743603044353
291780747512135680
291780751635148800
291780818597187586
291780910376947712
291780988332306432
291781005604450304
291781027880390657
291781052903604225
291781060285566978
291781071853453313
291781112072654848
291781363730878464
291781395066531841
291781494379266048
291781596552515584
291781760335876097
291781850995765248
291781875595374592
291782286502928384
291782289740935169
291782722718945282
291782722706350080
291782742260215808
291782758026592256
291782786103250944
291783290388631552
291783416221929473
291783578101116928
291783727074390016
291784007979507712
291784743115182080
291785072762298368
291785816483692544
291785943021649921
291786007135809536
291786271536345089
291786271033020416
291786274476552192
291786298161774593
291786522179559425
291786581243752448
291786591284895744
291786629067177985
291786666186776576
291786745702412288
291786951764348928
291787091346587648
291787112381038592
291787224574464000
291789000442777601
291789424868593664
291789453993865216
291789483819532288
291789500403826688
291789603302670336
291789627935846400
291789900582363136
291790758132973568
291790898591830019
291791635044503552
291791718276284416
291792512765546496
291793118079119360
291793158080180224
291794083830169600
291794117732749312
291795062898188288
291796603470229505
291796941233352705
291797079561490432
291797447737491456
291797684963119104
291799357844508672
291800282252312576
291802476728967168
291804520210640896
291805013028765698
291805432425631744
291806005925392384
291807912442077184
291808371458318336
291808748408815616
291811086762659840
291811156924956672
291812149083394049
291812623811497984
291812680774328320
291813068999118848
291814456973983744
291815557999763456
291816219999350784
291817409940185088
291817422439211008
291818257814536192
291818910624395264
291819586372907008
291820148321570817
291820710458961920
291821338878963712
291821434538450944
291822174057136128
291822195662016512
291822199692750849
291823092177723392
291823575877443585
291824074798280704
291824431733567488
291824468488232960
291825900692074498
291826716190576641
291827223214821377
291827788535697408
291828724700168192
291829526592385024
291830254945828865
291832518016118784
291832889195241472
291832923991195648
291833508849139713
291834501905129473
291834616191545344
291834810626883585
291835235417600000
291837502933848064
291838629381296128
291839494720729089
291840052366041088
291840638293524480
291841476474855424
291842327125831681
291842360525070336
291842811609903105
291843600453599233
291844090398650368
291844940621807617
291844968186781696
291844987476377600
291845083827949571
291845171627294721
291845356621275136
291845383213170688
291845434811482112
291845481200496640
291845552784683008
291845601585414145
291845656283324416
291845792216514561
291845821845106688
291845895505453056
291846101382860800
291846243695603713
291846279573667840
291846326998671360
291846386192896000
291846410041712640
291846448046301184
291846610407813120
291846611900985344
291846686467293184
291848493709008896
291848844197654528
291849720052203520
291849847919751168
291849868455067648
291849927108206592
291849947681280000
291850659517575168
291850908764086273
291851884279517185
291853531030380544
291856292853739520
291857305253863425
291857545994317824
291859407493537793
291859615061245952
291859971249934336
291861753921409024
291862038953742336
291862899289362432
291863782781751297
291864899368386560
291864984760229889
291865009993170944
291865034773106688
291865198636191744
291867640551587840
291867704816697344
291868769670799360
291870262071291905
291870500882354176
291872008663339009
291872150137217025
291872262179672065
291874376356335618
291875137492492288
291878004609646592
291879362343628800
291879802946850817
291879844629839873
291879869904732161
291879926603325441
291880115296686080
291881328679469057
291882627013689344
291885938370547712
291886829119102979
291887120308633600
291887385845846016
291887389939494912
291888275352862720
